function [zeta_parArray] = subjectSpecificZeta

zeta_parArray=[0.218540477
    0.647621419
    0.656601217
    0.911271145
    1.016590576
    1.139763077
    1.181442708
    1.312301319
    1.350619917
    1.375237858
    1.501445949
    1.527840425
    1.558352878
    1.658626443
    1.782217081
    1.844712512
    2.025095684
    2.190984889
    2.300872347
    2.732812887
    2.873986852
    2.985316111
    3.255614126
    3.291425748
    3.348508753
    3.359036168
    3.49047886
    3.587673409
    3.808393877
    4.36279599
    4.566212213
    8.007199242
    8.720848806
    12.31416173
    24.94711204
    41.42604474
    42.88801814
    66.25841449
    160.7947635]';
end